1 -4.254828570313568
2 -4.137885838832728
3 -4.658261684066589
4 -4.480779931956823
5 -4.135015097660129
6 -4.2297487766604185
7 -4.254172096349367
8 -4.116590261339112
9 -4.2705205510990965
10 -3.874119229142889
11 -4.18434935962653
12 -4.263336881703956
13 -4.222199281415629
14 -4.3318863319581045
15 -4.364579312666512
16 -4.141891039681194
17 -4.187766499062523
18 -3.94871548544466
19 -4.408805476571143
20 -4.2208507256189005
21 -4.336702354389095
22 -4.265294670046739
23 -4.147821465321531
24 -3.9655048445612664
25 -4.251757716560426
26 -4.347046103092053
27 -4.199322852728975
28 -4.391260571731812
29 -4.150266434217985
30 -4.00676926607033
31 -4.0989709315025715
32 -3.8654649167170767
33 -4.0885410268755
34 -4.300295412793096
35 -4.25753761620222
36 -4.167862150961725
37 -4.095104661897956
38 -4.0832683172207
39 -4.106891831293911
40 -4.052733693923316
41 -4.09463035117854
42 -4.573630428245296
43 -4.37372616167988
44 -4.246223056857919
45 -4.103635399335109
46 -4.095830911768335
47 -4.196785133209119
48 -4.028672960871396
49 -4.1394195840439005
50 -4.291602883473099
51 -4.311373354967482
52 -4.296942364091899
53 -4.13779763712156
54 -4.141924057371544
55 -4.286192457011469
56 -4.357826829359814
57 -4.216965070683403
58 -4.1911160923483095
59 -4.154879620392416
60 -4.514069487413754
61 -4.073492811525434
62 -4.195490720590717
63 -3.9058512135528467
64 -4.254898845081522
65 -4.20439647375736
66 -4.230748368741067
67 -4.286784304877393
68 -4.505426095686562
69 -4.379744305662997
70 -4.157983077625653
71 -3.9225708276816773
72 -4.274422376198997
73 -4.097815816420311
74 -4.161715398924318
75 -4.078345893647241
76 -4.466202886112754
77 -4.204258140680069
78 -4.031549636338321
79 -4.438679095244539
80 -4.2471253957272355
81 -4.0696634893239905
82 -4.409038683871357
83 -4.4956020784937865
84 -4.22357151324914
85 -4.091960414613726
86 -4.454558087673905
87 -4.097599557429974
88 -4.521876648322966
89 -4.191429980716855
90 -4.714782389322768
91 -4.186177871840755
92 -3.9947384507536032
93 -4.484205704184497
94 -4.3412082414544795
95 -3.980894575043992
96 -4.433322296943574
97 -4.1951111244066
98 -4.231191809532218
99 -4.261097283357926
100 -4.391541271000622
101 -4.103938523040895
102 -4.046247870911436
103 -4.373233685429961
104 -4.752012359963618
105 -4.456691280777744
106 -4.361136071581105
107 -4.093052140965557
108 -4.052818054762911
109 -4.188603573438797
110 -4.122186242899545
111 -4.275895016318596
112 -4.255587088948182
113 -4.464842294699583
114 -4.5972456320197574
115 -4.459385208994817
116 -4.266062382189582
117 -4.219199473253174
118 -4.37071179754304
119 -4.770837395615433
120 -4.57980131300608
121 -3.9698466949280777
122 -4.385025354521713
123 -4.105285078233851
124 -4.4467192133109155
125 -4.1724620324093955
126 -4.1169270205456545
127 -4.135485632408345
128 -4.2095006298873825
129 -4.096001954829672
130 -4.035565218777383
131 -3.9797074492144855
132 -4.0648591598470185
133 -4.498720016692425
134 -4.191954818748164
135 -4.212481711026904
136 -4.094322244457888
137 -4.417760031634885
138 -4.338629036590256
139 -4.110544956758974
140 -4.289607709277943
141 -4.270405205886339
142 -4.329708953594102
143 -4.085244520971535
144 -4.197884441542574
145 -3.8904022953591624
146 -4.204080412323174
147 -4.128389122702011
148 -4.156623704079796
149 -4.113982478163273
150 -4.4978965094014445
151 -4.456720919882418
152 -4.209873814748637
153 -4.119042166226716
154 -4.174147983468244
155 -4.367605848445528
156 -4.35548317146878
157 -4.159703849294784
158 -4.286715414378997
159 -4.260069010346651
160 -4.131582294662619
161 -4.383344566271236
162 -4.229774056228555
163 -4.200033512000491
164 -4.503057299142458
165 -4.191425819135712
166 -4.180829579538076
167 -3.9727017199415844
168 -4.228002430863942
169 -4.151042776700865
170 -4.433027146883675
171 -4.61771308312839
172 -4.007584485809539
173 -4.231467233597172
174 -4.384301562761946
175 -4.086146110726781
176 -4.097893794751242
177 -4.33044412796314
178 -4.1314870381360524
179 -4.1389681835022225
180 -4.302705618252924
181 -4.101540121832931
182 -4.081942508251711
183 -4.306045948358696
184 -4.5414240777145665
185 -4.5481805967783036
186 -4.557925164608989
187 -4.356632301050242
188 -3.8526924714361312
189 -4.094150945119541
190 -4.3733474291978816
191 -4.1161983598270435
192 -4.409532471647262
193 -4.647966487106604
194 -4.002505366419012
195 -4.1541496778709766
196 -4.352678696954853
197 -4.452665118581824
198 -4.3791423484952
199 -4.20899210830482
200 -4.214070848656816
201 -4.044196774605762
202 -4.113602545004055
203 -4.165379967548248
204 -4.154381448287257
205 -4.076211373151907
206 -4.150887282619063
207 -4.5013315073241165
208 -4.171262556084309
209 -4.440669867062295
210 -4.57025523990252
211 -4.074754883328232
212 -4.6096541303553815
213 -4.414309021088476
214 -4.22400644971772
215 -4.308282753982364
216 -4.230714038360071
217 -3.9832053504991176
218 -4.227673662107863
219 -4.219618624389122
220 -4.097664801796831
221 -4.094882370074859
222 -4.466038398446058
223 -4.169942719937112
224 -4.365497183769645
225 -4.045303534527413
226 -4.079585835247028
227 -3.952433922726145
228 -4.324979196404774
229 -4.360504317757533
230 -4.147484562321768
231 -4.210946861504071
232 -4.357186913120662
233 -4.359665003335002
234 -4.38497462243538
235 -4.088294443178651
236 -4.200516981821513
237 -4.083873910489383
238 -3.9989717262307343
239 -4.137636336835995
240 -4.317520199027975
241 -4.1039074550875005
242 -4.134516130784605
243 -4.185692416093906
244 -4.11659600039179
245 -4.2847366630338914
246 -3.9312578634945523
247 -4.041025864177687
248 -4.114909744659608
249 -4.089574697979057
250 -4.079640506219909
251 -4.566358799954901
252 -4.275830312853566
253 -4.41480061361201
254 -4.281892478139348
255 -4.143765774899892
256 -4.0074104942461455
257 -4.231231795140637
258 -4.69249874547796
259 -4.291293648735562
260 -4.127594772509872
261 -4.268973584100956
262 -4.225977352650141
263 -4.164276106526551
264 -4.462792732117611
265 -4.087528062603166
266 -4.118161347654586
267 -4.37749084812053
268 -4.247569375499885
269 -4.408854568850352
270 -4.521309195854592
271 -4.341297530522666
272 -4.378309835767347
273 -4.250692621393578
274 -4.156513224246799
275 -4.318661593437914
276 -4.483302479247785
277 -4.290616773462767
278 -4.2464328276386265
279 -4.120252015331406
280 -4.0388160706037795
281 -4.317765925534398
282 -4.244753667015521
283 -4.388238889562632
284 -4.075752758594024
285 -4.057987036923808
286 -4.036153374372987
287 -4.159869491309663
288 -4.175157968230565
289 -4.014207169767737
290 -4.182988663722621
291 -4.150696802846104
292 -4.348877331394193
293 -4.211064973945086
294 -3.9911021935887807
295 -4.138844559783313
296 -4.228727997132067
297 -4.278414859518603
298 -4.2470158629872605
299 -4.176599460402241
300 -4.5622116406882585
301 -4.206774001056328
302 -4.050407132810229
303 -3.973883863782118
304 -4.467797185025821
305 -4.537400200212786
306 -4.414881877667429
307 -3.913060611242068
308 -4.284770555353025
309 -4.255109079157054
310 -4.516393905793527
311 -4.292382943495557
312 -4.229130121097144
313 -4.259831914698416
314 -4.4872205716522595
315 -3.992465883355456
316 -4.352444875481537
317 -4.353610116180326
318 -4.499250638916985
319 -4.383216368832199
320 -4.339895847990276
321 -4.6012139071273115
322 -4.2923203994773855
323 -3.991053771973803
324 -4.299716002469809
325 -4.427694817059479
326 -4.376443209369386
327 -4.2612803856271375
328 -4.300593109963483
329 -3.9481739346372557
330 -4.225151142374559
331 -4.177059237331804
332 -4.19017220951786
333 -4.407483997739503
334 -4.390910656824834
335 -4.411340994090664
336 -4.188057166033654
337 -4.271477059912468
338 -4.2051374984287335
339 -4.614758571229907
340 -4.078160146291034
341 -4.051240278730162
342 -4.2897087358639086
343 -4.075655438752287
344 -3.9910117188395677
345 -4.140806108242509
346 -4.280243859572914
347 -4.1668891928074645
348 -4.3495741569186945
349 -4.085386546620397
350 -4.458220876580745
351 -4.343813620722019
352 -4.248235404390921
353 -4.153123576264691
354 -4.234962620768152
355 -4.256953445437064
356 -4.335363343686068
357 -4.199416863949298
358 -4.004549823588726
359 -4.452440307633629
360 -4.353729441498854
361 -4.287643625335921
362 -4.269584045384387
363 -3.967103791168269
364 -4.388088179024333
365 -4.0515087305923245
366 -4.3799895299614695
367 -4.160161734771919
368 -4.144458812687717
369 -4.330768998229819
370 -4.017300298063983
371 -4.440766774928394
372 -4.328130764607593
373 -4.118763789784567
374 -4.1311418836258085
375 -4.332965067338374
376 -4.304698268160773
377 -4.215196882144329
378 -4.408450917714946
379 -4.28867552514676
380 -4.443324959607384
381 -4.254543206961553
382 -4.473172236097058
383 -4.234328165584708
384 -3.9836803130497813
385 -4.207994932634717
386 -4.0413715218247575
387 -4.0116845503144924
388 -4.320382059687726
389 -4.5304559414021774
390 -4.374114822729953
391 -4.171231785559177
392 -4.150068049780783
393 -4.3893001340118065
394 -4.399095090715461
395 -4.3362200983831505
396 -4.320667116957094
397 -4.3380913922842845
398 -4.341791235612431
399 -4.693138235804312
400 -4.5065120342496305
401 -4.329450792464444
402 -4.334511868734114
403 -4.719335874428643
404 -4.119030265684513
405 -4.222605042312736
406 -4.108483929023591
407 -4.312086173174139
408 -4.483092637942803
409 -4.01161260138538
410 -4.18909208278835
411 -4.106570788778072
412 -4.261460241672446
413 -3.9435652995833643
414 -4.342768379192057
415 -4.109984458422797
416 -4.316971646198365
417 -4.350309234646192
418 -4.065046495905276
419 -4.141630188059821
420 -4.243607438115578
421 -4.370957952306584
422 -4.073173759425004
423 -4.265944116575314
424 -4.128524791580748
425 -4.244762737480962
426 -4.567846124298298
427 -4.351791105277945
428 -4.2213937649390925
429 -4.413459578437589
430 -4.132667309237503
431 -3.8643209496236683
432 -4.906073959914697
433 -4.129118633934208
434 -4.0564936889601455
435 -4.064258122985512
436 -4.240791858951108
437 -4.326990065971674
438 -4.0607123779367535
439 -4.578482548832608
440 -4.093771566271192
441 -4.439830702901445
442 -4.089185494141218
443 -4.370586873349831
444 -4.3079077163894866
445 -4.601748719210242
446 -4.212246961541472
447 -4.325865572004312
448 -4.0416449608983855
449 -3.963419010429237
450 -4.220437463948677
451 -4.049446546855853
452 -4.165026532687574
453 -4.135783081277704
454 -4.153608422232243
455 -4.146544566201228
456 -4.135815112706401
457 -4.2347417156772655
458 -4.226358470498437
459 -4.165143462630719
460 -4.221033041972989
461 -4.104746829377726
462 -4.291506237767886
463 -4.11423611581705
464 -4.01297759522149
465 -3.891977963647985
466 -4.038557930364536
467 -4.106944973397923
468 -4.019815810231392
469 -4.636295004522381
470 -4.0993725947147865
471 -4.042319053384317
472 -4.254460567697013
473 -4.351316753023937
474 -4.313156554229873
475 -4.270303074413473
476 -4.235237599086998
477 -4.189319848555998
478 -4.109164437664108
479 -4.022133726429164
480 -4.016281192627877
481 -4.694111930366373
482 -4.192938650816907
483 -4.111886647814892
484 -4.097147063051556
485 -3.988365620711037
486 -4.13353799822962
487 -4.297825222721965
488 -4.289312590965348
489 -4.350938844483212
490 -4.002495687221378
491 -4.9994281523515625
492 -3.881766719911822
493 -4.174441985423201
494 -4.22600116507921
495 -4.176370724311582
496 -4.544719647332802
497 -4.272005209226416
498 -4.524959149901194
499 -4.382679426326913
500 -4.126758652317428
501 -4.202487864369964
502 -4.408331187571958
503 -4.147556251905502
504 -4.499962842906804
505 -4.154527055112798
506 -4.2744234416958005
507 -4.341528112399891
508 -4.393817890381043
509 -4.202898909880603
510 -4.086140833741717
511 -4.162217774834468
512 -4.5122864952727895
513 -4.050486156424785
514 -4.290527868189378
515 -4.348381278310274
516 -4.423776972911012
517 -4.235310131507604
518 -4.93962968582221
519 -4.401715257097824
520 -4.34700568966329
521 -4.107846596366901
522 -4.462462500860261
523 -4.204332980499706
524 -4.234029304918648
525 -4.181010298137147
526 -3.903191299580956
527 -4.124764571389173
528 -4.3065404282053485
529 -4.3975006728894215
530 -4.19359170954366
531 -4.242033797634329
532 -4.49508606078796
533 -3.9837631841198213
534 -4.324212323564559
535 -4.1879303785783835
536 -4.3445392364751605
537 -4.138781093765454
538 -4.092232528575021
539 -4.262640819612966
540 -4.479355135899538
541 -4.173795449846757
542 -4.06474036769879
543 -4.215477257196584
544 -4.178293923280958
545 -4.090113927019075
546 -4.322870956906976
547 -4.131899051191971
548 -3.95143952741619
549 -4.132226710761168
550 -4.395078907780798
551 -4.131300742088131
552 -4.19064471534258
553 -4.353424835888942
554 -4.399822440753522
555 -4.001877705902498
556 -4.1685020339742325
557 -4.519310404349341
558 -4.063669486298655
559 -4.982424535647975
560 -4.206459432424458
561 -4.188671889123041
562 -4.126542211755166
563 -4.434247299936707
564 -4.09875419890536
565 -4.257662140227885
566 -4.094134451290719
567 -4.182098161534575
568 -4.046926427220941
569 -4.1838377416741075
570 -4.230807153058715
571 -4.488711669800247
572 -4.34024296532193
573 -4.040947970528435
574 -4.3796201398678
575 -4.240750916464916
576 -4.341810208587639
577 -4.226953991777688
578 -4.291706461784367
579 -4.465594849592136
580 -4.093389824996998
581 -4.520603426066983
582 -4.319800876050401
583 -4.767257325448734
584 -4.322419789592638
585 -4.214765391855432
586 -4.446420376483137
587 -4.232303204324576
588 -4.323118886827214
589 -4.141562159569509
590 -4.01981422911518
591 -4.140669402475716
592 -4.318486231107299
593 -4.184021519366528
594 -4.37877005574927
595 -4.2694374118739855
596 -4.735815261841556
597 -4.3494895940366245
598 -3.9316943280207424
599 -4.227655644817387
600 -4.226603057776829
601 -4.278933308223848
602 -4.291751161618806
603 -4.134815422103634
604 -4.0326369794844625
605 -4.422879590040276
606 -4.046755828946345
607 -4.172885297810012
608 -4.089392177131175
609 -4.257179450198924
610 -4.121771964011411
611 -4.287085702977856
612 -4.442661309795862
613 -4.167089301911539
614 -4.008129594363615
615 -4.342418326600825
616 -3.9426782074096214
617 -5.012994272754412
618 -4.176426675488175
619 -4.072135550768152
620 -4.520173267309485
621 -4.2209758369217525
622 -4.532591354810124
623 -4.272769659246938
624 -4.54669048619263
625 -4.086903286178715
626 -4.437411583085394
627 -3.995949839306825
628 -3.988380657884522
629 -4.254252714370899
630 -4.0475269065469
631 -4.020248051910497
632 -4.11153009364619
633 -4.271297641021835
634 -4.192380802415827
635 -4.517449319229206
636 -3.990752581615831
637 -4.618252829833627
638 -4.216549531750677
639 -4.278403836168793
640 -4.084914932628094
641 -4.622799327871464
642 -4.198266350906521
643 -4.295451784281626
644 -4.3075770303516245
645 -4.072386623213284
646 -4.364952737322686
647 -4.292931487601793
648 -4.134364745292592
649 -4.324924773612454
650 -4.029246783283181
651 -4.199394461666146
652 -3.994510001520192
653 -4.35815005268807
654 -4.513989680441763
655 -4.2495869761011
656 -4.182558848981953
657 -4.089146207770177
658 -3.963428566838491
659 -4.368953159881452
660 -4.2213418913190806
661 -4.399356369195593
662 -4.161191389496603
663 -4.488256418798417
664 -4.243720393786457
665 -4.737577824262837
666 -4.153323706706102
667 -4.415007487675083
668 -4.31666996482494
669 -4.447424779196266
670 -4.205226492301457
671 -4.1125844436262655
672 -4.675730043571161
673 -4.445817424074298
674 -4.341687120133859
675 -4.344802674655471
676 -4.051767661502883
677 -4.304659599334707
678 -4.214091289501512
679 -4.0618594273686455
680 -4.459595597382884
681 -4.494236054657398
682 -4.166206881450306
683 -4.757931121063046
684 -4.055519420020726
685 -4.312330348686452
686 -4.614539622553274
687 -4.223122799093259
688 -4.0732154153920614
689 -4.237105160168906
690 -4.542638406652565
691 -4.0992112988350655
692 -4.344016145767406
693 -4.745429128090918
694 -4.2006466139002985
695 -4.224667862387832
696 -4.100522753216753
697 -4.292981623947285
698 -4.085015141249091
699 -4.296148414978675
700 -4.27095087764282
701 -4.258878260321591
702 -4.084243667982846
703 -3.958315295352081
704 -4.868951793921768
705 -4.278005256397855
706 -4.257684355020525
707 -4.2554109698735285
708 -4.117205493354995
709 -4.418218310173569
710 -4.749778538666658
711 -3.936354054808651
712 -4.38514984419664
713 -4.08772039173225
714 -4.3233754512073945
715 -3.9877539704946403
716 -4.378564964574225
717 -4.233841224811828
718 -4.5698481302090865
719 -4.310390062289773
720 -4.431511588618968
721 -4.154711487908767
722 -4.176722559575204
723 -4.154726681035167
724 -4.696492443779755
725 -4.130770249314906
726 -4.602480787698148
727 -4.833245891973687
728 -4.1633303450486565
729 -4.049036784719
730 -4.104863516051353
731 -4.542132863987961
732 -4.18298312544106
733 -4.211688486462838
734 -4.076195312851545
735 -4.137739231082175
736 -4.2440913280810575
737 -4.225536020276558
738 -4.005646302359192
739 -4.131231584146363
740 -4.124742417838793
741 -4.174339646780307
742 -4.171044419184083
743 -3.976808396784206
744 -4.176800259270777
745 -4.488197770532885
746 -4.064713376967531
747 -4.329723431616477
748 -3.9864951780701023
749 -4.374505266046491
750 -4.110723490985026
751 -4.3064043033143005
752 -4.325770027604894
753 -4.2773521828907075
754 -4.023554184481688
755 -5.00358160090668
756 -4.535340142829364
757 -4.36445025333349
758 -3.9061029189670764
759 -4.22472087079057
760 -4.4199644245419885
761 -4.454524149827915
762 -4.636889767894915
763 -4.138427795768863
764 -4.006158565267999
765 -4.263823139421189
766 -4.1912810470551864
767 -4.436683704701031
768 -4.531818120540897
769 -3.8871352362699194
770 -4.292255956980337
771 -4.177135913640317
772 -4.147834563408524
773 -4.432306556997649
774 -4.274242080651276
775 -4.5345962988213335
776 -4.000258627832654
777 -4.214257967053488
778 -4.049614208644432
779 -4.611814466359279
780 -4.298340698044793
781 -4.396290765835343
782 -4.4123856855955985
783 -4.199067924912573
784 -4.230142659036892
785 -4.15020205051067
786 -4.548243523131894
787 -4.251442719531287
788 -4.262409950214166
789 -4.367454526342259
790 -4.068120058935383
791 -3.9716689922278605
792 -4.250581771714515
793 -4.578110790611025
794 -4.213614759375126
795 -4.124606033118292
796 -4.34942855943014
797 -4.450645019795986
798 -4.17545667459149
799 -4.206878778828293
800 -4.317663981118885
801 -4.40166261141704
802 -4.253072795510816
803 -4.285044180261221
804 -4.09933153029881
805 -4.17219941306667
806 -4.293324760150598
807 -4.181476779213697
808 -4.506085099638411
809 -4.2408044778641365
810 -4.483696314395319
811 -4.084244291352836
812 -3.9022985040718243
813 -4.2962578736251515
814 -4.225848466542508
815 -4.672582294654414
816 -4.0749469077528655
817 -4.0236382756942675
818 -4.1997226682106295
819 -4.356851276165029
820 -4.21911985950438
821 -4.493865594587725
822 -4.184207638267002
823 -4.515727936548353
824 -4.588067120485442
825 -4.03343165875122
826 -4.2235338343927475
827 -4.425655887925535
828 -4.103981032623263
829 -4.291060839723972
830 -3.9678181963261605
831 -3.897789145745968
832 -4.464255939992092
833 -4.133589707064663
834 -4.02652994656331
835 -4.182703883601169
836 -4.2761520814395855
837 -4.379951971580892
838 -4.40338488728215
839 -4.149635780801829
840 -4.325636713402702
841 -3.857950774735922
842 -4.112236424191508
843 -4.026963939544232
844 -4.180030180265374
845 -4.417751376080001
846 -4.179591446233749
847 -4.054156145590081
848 -4.607201745253328
849 -3.976917044229327
850 -4.382893974467745
851 -4.246201028584842
852 -4.012264370207093
853 -4.182742260380104
854 -4.143211077348312
855 -4.240316829907563
856 -4.094163541945413
857 -3.974314645253756
858 -4.483747488561405
859 -4.189807525152559
860 -4.212828806039178
861 -4.3842006466726815
862 -4.251111308861431
863 -4.1610446828177325
864 -4.311040757312934
865 -4.476246106820323
866 -4.445623950549698
867 -4.432785722226149
868 -4.3990081054195835
869 -4.456461587677931
870 -4.163225368626008
871 -4.341630870125312
872 -3.9871389082094995
873 -4.516468768683845
874 -4.184042337358741
875 -4.412982374285035
876 -3.966037099469626
877 -4.142625384441095
878 -4.129597294923772
879 -4.492016351561021
880 -4.1558223571338315
881 -4.275878553257818
882 -4.256660164567516
883 -4.204387769839726
884 -4.1754737365112105
885 -4.4264895845283965
886 -4.276178144815616
887 -4.338775374243669
888 -3.9002672083049097
889 -4.538818820997828
890 -4.324376339764262
891 -4.076997504809471
892 -4.457622566852524
893 -4.47314697551793
894 -4.362201622277
895 -4.233938612966404
896 -4.541556201088671
897 -4.194756357298108
898 -4.5488706292365135
899 -4.003714552037915
900 -4.175399672705239
901 -4.002142118239723
902 -4.125312935488592
903 -4.346825343896879
904 -4.042759752198623
905 -4.113051020607659
906 -4.624448822874354
907 -4.42930781567896
908 -4.044509114109209
909 -4.117220634302925
910 -4.187466424274343
911 -4.282949137421471
912 -4.21004586194321
913 -4.242283961968804
914 -4.471193745833757
915 -4.3853710149479594
916 -3.9629034350910572
917 -4.253408342734184
918 -4.401114725317719
919 -4.188424895972127
920 -4.554044652644736
921 -4.689198773852333
922 -4.185809997328357
923 -4.244630910874368
924 -4.398655539344908
925 -4.286015432111916
926 -4.135921756096022
927 -4.138945439428364
928 -4.255972651637163
929 -4.210750271261794
930 -4.156495421783775
931 -4.112827170195139
932 -4.464283379838358
933 -4.3010376792098235
934 -4.043338972664922
935 -4.198696409842236
936 -4.265876170510165
937 -4.134957526061197
938 -4.210870270159364
939 -4.205575566346057
940 -4.155619248741317
941 -4.1946556751324415
942 -4.508550678033571
943 -4.278942320654583
944 -4.146018216471936
945 -4.0894931124510325
946 -4.507219018437515
947 -4.267448234173318
948 -4.39477642748337
949 -4.187283461168386
950 -4.088137295527685
951 -4.379882699502249
952 -4.575561199340249
953 -4.268174064632071
954 -4.357759834446932
955 -4.074675616450534
956 -4.175603108374302
957 -4.253678784120073
958 -4.3443165644140915
959 -4.3093123114809755
960 -4.428171241355517
961 -4.074968841400476
962 -4.364972814099561
963 -4.58629212045864
964 -4.194711688701959
965 -4.223652705228508
966 -3.936278849871029
967 -4.136944681553327
968 -4.209845076453335
969 -4.420017524905403
970 -4.371288786695839
971 -4.3336970474405945
972 -4.282414999086158
973 -4.164788478737399
974 -3.99156295975656
975 -3.9088830166051705
976 -3.988992719703679
977 -4.250970289981561
978 -4.204993708283599
979 -4.334572330038961
980 -4.1828136276693835
981 -4.076320645468391
982 -4.260857029332427
983 -4.282861133728394
984 -4.229905315192849
985 -4.308336448260468
